[assist/metadata]
version = 9.0.0
modtime = 1657794634.157803000

[assist/ui]
version = 9.0.0
modtime = 1657794664.017006000

[assist/updates]
version = 9.0.0
modtime = 1657794902.954513000

[assist/supervisor]
version = 9.0.0
modtime = 1657794902.965763000
