[history/.dummy_history]
version = 9.0.0
modtime = 1657799689.595878000

[ui-prefs/dashboards]
version = 9.0.0
modtime = 1657799742.060157000
